ISS (ZARYA)             
1 25544U 98067A   24138.99590321  .00027700  00000+0  46629-3 0  9991
2 25544  51.6390 105.0245 0003368 179.7401 290.4240 15.51492720453865
CSS (TIANHE)            
1 48274U 21035A   24138.81773545  .00056509  00000+0  56892-3 0  9991
2 48274  41.4679 268.5862 0003034 358.3877   1.6953 15.64524825174341
ISS (NAUKA)             
1 49044U 21066A   24138.86289373  .00027790  00000+0  46789-3 0  9991
2 49044  51.6392 105.6850 0003361 179.1453 267.6223 15.51485623159561
FREGAT DEB              
1 49271U 11037PF  24137.23816695  .00052502  00000+0  11878+0 0  9999
2 49271  51.6671  79.6305 0976139  54.5372 314.2680 12.14918254131312
CSS (WENTIAN)           
1 53239U 22085A   24138.81773545  .00056509  00000+0  56892-3 0  9994
2 53239  41.4679 268.5862 0003034 358.3877   1.6953 15.64524825102473
CSS (MENGTIAN)          
1 54216U 22143A   24138.81773545  .00056509  00000+0  56892-3 0  9995
2 54216  41.4679 268.5862 0003034 358.3877   1.6953 15.64524825 88203
ISS DEB [SPX-28 IPA FSE]
1 57212U 98067VP  24138.24423528  .01043733  71693-3  81348-3 0  9992
2 57212  51.6152  67.6196 0002017 186.9846 173.1142 16.14272674 51236
ISS DEB                 
1 58229U 98067WC  24138.86157425  .00291734  00000+0  12514-2 0  9992
2 58229  51.6274  87.8055 0004913  95.1071 265.0493 15.83717854 30861
PROGRESS-MS 25          
1 58460U 23184A   24138.86289373  .00027790  00000+0  46789-3 0  9996
2 58460  51.6392 105.6850 0003361 179.1453 267.6223 15.51485623 25868
BEAK                    
1 58612U 98067WD  24138.88985829  .00298317  00000+0  14683-2 0  9990
2 58612  51.6319  91.7827 0004840 107.7306 252.4225 15.80751318 23762
TIANZHOU-7              
1 58811U 24013A   24138.81773545  .00056509  00000+0  56892-3 0  9998
2 58811  41.4679 268.5862 0003034 358.3877   1.6953 15.64524825172426
CYGNUS NG-20            
1 58898U 24021A   24138.86289373  .00027790  00000+0  46789-3 0  9992
2 58898  51.6392 105.6850 0003361 179.1453 267.6223 15.51485623 16414
PROGRESS-MS 26          
1 58961U 24029A   24138.86289373  .00027790  00000+0  46789-3 0  9991
2 58961  51.6392 105.6850 0003361 179.1453 267.6223 15.51485623 14019
CREW DRAGON 8           
1 59097U 24042A   24138.86289373  .00027790  00000+0  46789-3 0  9997
2 59097  51.6392 105.6850 0003361 179.1453 267.6223 15.51485623 11220
SOYUZ-MS 25             
1 59294U 24055A   24138.86289373  .00027790  00000+0  46789-3 0  9990
2 59294  51.6392 105.6850 0003361 179.1453 267.6223 15.51485623  8214
MICROORBITER-1          
1 59483U 98067WF  24138.63331851  .00123714  00000+0  15820-2 0  9992
2 59483  51.6346 105.8396 0003679 147.6797 212.4421 15.58309581  5707
CURTIS                  
1 59507U 98067WG  24138.90400314  .00104413  00000+0  14109-2 0  9994
2 59507  51.6342 104.6449 0002260 158.1046 202.0043 15.56923549  5759
KASHIWA                 
1 59508U 98067WH  24138.62764311  .00140803  00000+0  17488-2 0  9990
2 59508  51.6335 105.8004 0003707 147.0174 213.1050 15.59012338  5713
1998-067WJ              
1 59559U 98067WJ  24138.21948888  .00083462  00000+0  11808-2 0  9991
2 59559  51.6357 108.3281 0004969 114.8228 245.3280 15.55777202  4514
1998-067WK              
1 59560U 98067WK  24138.19563671  .00157502  00000+0  19758-2 0  9992
2 59560  51.6346 108.1684 0007412 126.9193 233.2479 15.58662509  4433
1998-067WL              
1 59561U 98067WL  24138.17832504  .00049404  00000+0  76639-3 0  9998
2 59561  51.6370 108.8029 0002858 134.3340 225.7885 15.53490204  4474
BURSTCUBE               
1 59562U 98067WM  24138.92865600  .00104162  00000+0  14717-2 0  9996
2 59562  51.6360 104.8136 0003193 163.0883 197.0215 15.55718441  4604
SNOOPI                  
1 59563U 98067WN  24138.93585209  .00096947  00000+0  14084-2 0  9990
2 59563  51.6357 104.8638 0003455 162.5236 197.5874 15.54994993  4608
SHENZHOU-18 (SZ-18)     
1 59591U 24078A   24138.81773545  .00056509  00000+0  56892-3 0  9995
2 59591  41.4679 268.5862 0003034 358.3877   1.6953 15.64524825  3391
1998-067WP              
1 59596U 98067WP  24138.40353519  .00108238  00000+0  14660-2 0  9992
2 59596  51.6352 107.3071 0005347 117.8615 242.2919 15.56832388  4557
1998-067WQ              
1 59597U 98067WQ  24138.40304980  .00110535  00000+0  14937-2 0  9991
2 59597  51.6364 107.3059 0005408 117.2749 242.8794 15.56883074  4529
SZ-17 MODULE            
1 59624U 23164C   24138.70363693  .00046095  00000+0  49160-3 0  9993
2 59624  41.4772 269.4814 0004400  29.8439 330.2651 15.63127127  2760
