ISS (ZARYA)             
1 25544U 98067A   24139.88271685  .00026401  00000+0  44415-3 0  9997
2 25544  51.6383 100.6206 0003560 181.1492 205.5490 15.51537721454008
CSS (TIANHE)            
1 48274U 21035A   24139.77519367  .00066259  00000+0  66202-3 0  9996
2 48274  41.4678 262.7257 0002874   6.3730 353.7147 15.64663648174492
ISS (NAUKA)             
1 49044U 21066A   24139.87795327  .00025788  00000+0  43391-3 0  9995
2 49044  51.6363 100.6499 0003412 184.4741 175.6218 15.51546802453925
FREGAT DEB              
1 49271U 11037PF  24139.21259048  .00055764  00000+0  12501+0 0  9999
2 49271  51.6718  73.9806 0977521  58.8317 310.4679 12.15133722131551
CSS (WENTIAN)           
1 53239U 22085A   24139.77519367  .00066259  00000+0  66202-3 0  9999
2 53239  41.4678 262.7257 0002874   6.3730 353.7147 15.64663648102478
CSS (MENGTIAN)          
1 54216U 22143A   24139.77519367  .00066259  00000+0  66202-3 0  9990
2 54216  41.4678 262.7257 0002874   6.3730 353.7147 15.64663648 88365
ISS DEB [SPX-28 IPA FSE]
1 57212U 98067VP  24138.24423528  .01043733  71693-3  81348-3 0  9992
2 57212  51.6152  67.6196 0002017 186.9846 173.1142 16.14272674 51236
ISS DEB                 
1 58229U 98067WC  24139.87095764  .00309673  00000+0  12857-2 0  9993
2 58229  51.6269  82.5439 0004659 103.2233 256.9291 15.84360049 31026
PROGRESS-MS 25          
1 58460U 23184A   24139.87795327  .00025788  00000+0  43391-3 0  9990
2 58460  51.6363 100.6499 0003412 184.4741 175.6218 15.51546802453927
BEAK                    
1 58612U 98067WD  24139.90114527  .00291752  00000+0  13975-2 0  9992
2 58612  51.6317  86.5344 0004704 114.3197 245.8297 15.81359396 23921
TIANZHOU-7              
1 58811U 24013A   24139.77519367  .00066259  00000+0  66202-3 0  9993
2 58811  41.4678 262.7257 0002874   6.3730 353.7147 15.64663648172421
CYGNUS NG-20            
1 58898U 24021A   24139.87795327  .00025788  00000+0  43391-3 0  9996
2 58898  51.6363 100.6499 0003412 184.4741 175.6218 15.51546802453922
PROGRESS-MS 26          
1 58961U 24029A   24139.87795327  .00025788  00000+0  43391-3 0  9995
2 58961  51.6363 100.6499 0003412 184.4741 175.6218 15.51546802453923
CREW DRAGON 8           
1 59097U 24042A   24139.87795327  .00025788  00000+0  43391-3 0  9991
2 59097  51.6363 100.6499 0003412 184.4741 175.6218 15.51546802453924
SOYUZ-MS 25             
1 59294U 24055A   24139.87795327  .00025788  00000+0  43391-3 0  9994
2 59294  51.6363 100.6499 0003412 184.4741 175.6218 15.51546802453923
MICROORBITER-1          
1 59483U 98067WF  24139.59515536  .00142925  00000+0  18004-2 0  9994
2 59483  51.6336 101.0125 0003869 153.5522 206.5669 15.58629593  5859
CURTIS                  
1 59507U 98067WG  24139.61000868  .00106137  00000+0  14239-2 0  9992
2 59507  51.6341 101.1089 0002510 162.4709 197.6370 15.57108762  5869
KASHIWA                 
1 59508U 98067WH  24139.90944903  .00166135  00000+0  20185-2 0  9993
2 59508  51.6327  99.3605 0003852 155.3981 204.7196 15.59494782  5913
1998-067WJ              
1 59559U 98067WJ  24139.31138472  .00110755  00000+0  15458-2 0  9994
2 59559  51.6362 102.8686 0005012 121.6323 238.5158 15.56013297  4684
1998-067WK              
1 59560U 98067WK  24139.60590412  .00188805  00000+0  23068-2 0  9991
2 59560  51.6343 101.0860 0007625 135.1152 225.0459 15.59241728  4660
1998-067WL              
1 59561U 98067WL  24139.59347038  .00054136  00000+0  83320-3 0  9991
2 59561  51.6367 101.7548 0002977 140.9306 219.1900 15.53667761  4698
BURSTCUBE               
1 59562U 98067WM  24139.89211692  .00110122  00000+0  15399-2 0  9999
2 59562  51.6361  99.9980 0003293 167.9879 192.1191 15.55971317  4753
SNOOPI                  
1 59563U 98067WN  24139.38570061  .00105035  00000+0  15181-2 0  9998
2 59563  51.6358 102.6176 0003602 164.9574 195.1525 15.55096211  4678
SHENZHOU-18 (SZ-18)     
1 59591U 24078A   24139.77519367  .00066259  00000+0  66202-3 0  9990
2 59591  41.4678 262.7257 0002874   6.3730 353.7147 15.64663648  3554
1998-067WP              
1 59596U 98067WP  24139.62301052  .00131067  00000+0  17453-2 0  9991
2 59596  51.6354 101.2013 0005320 124.0306 236.1192 15.57190607  4744
1998-067WQ              
1 59597U 98067WQ  24139.62248389  .00133771  00000+0  17769-2 0  9999
2 59597  51.6367 101.2001 0005401 123.6140 236.5368 15.57245569  4711
SZ-17 MODULE            
1 59624U 23164C   24139.72584711  .00054064  00000+0  57263-3 0  9990
2 59624  41.4771 263.2385 0004202  37.6093 322.5040 15.63250087  2923
